input/dem_d_asc10.asc
ncols         442
nrows         432
xllcorner     521738
yllcorner     5039334
cellsize      10
NODATA_value  -9999
[rows 204 to 237 of 432, columns 152 to 227 of 442]
65761 65141 64263 92744 57407 56159 54880 53583 52327 50980 49659 48426 48150 47754 46964 46139 45285 44446 43621 42754 42061 41635 41236 40907 40542 40204 39759 39477 39357 39123 38859 38663 38400 38269 38005 37911 37704 37444 37343 37223 37149 37057 37015 36439 36234 36196 36048 35925 62393 62209 62661 35316 34806 34501 63430 63097 62870 62691 62718 33256 33256 63176 62792 62496 62113 31420 32450 32539 32723 32559 32709 50754 70116 50838 69394 30039
68769 65652 66000 63260 58065 56453 55155 54060 53071 51943 50227 48879 48328 48062 47410 46208 54349 53384 62176 43060 42905 41609 54661 54298 53941 53608 53327 39750 39501 55408 55307 68975 67083 39015 38269 38365 38049 50234 61919 57814 50549 50530 50439 36704 36430 48547 48499 48261 63215 35279 62798 59168 59912 63878 63444 63146 62753 62793 62803 33422 33146 63015 62809 62573 60949 46280 32385 59235 46026 62195 32793 50786 70091 70062 69137 30242
69419 66727 66456 66576 68378 74017 67784 62112 62089 57530 63081 49124 48774 47393 46250 46038 63165 63212 82133 43306 70956 41272 41180 40832 47108 53659 53488 40009 39823 55648 55564 68964 67389 38800 49339 66332 49992 62312 62146 57822 37780 37689 37773 36789 36669 63692 63690 36543 63478 36610 63910 35499 35302 64109 63479 63136 33715 63009 62914 33537 33330 63202 62922 62640 62232 46473 32942 33119 32992 33132 33015 32994 32867 32900 31260 30546
67233 66423 66662 66787 63852 74385 74173 74379 68213 58010 63802 49658 49336 47623 64492 63910 63864 63891 82667 43518 43228 41844 41385 41098 44353 53712 53730 53518 40130 56010 56133 55705 39934 47063 38722 38586 38282 38254 38222 38031 38001 68710 68354 36925 36811 67306 67372 36509 36566 36503 36650 36705 36323 35476 35367 33913 63083 63019 62994 33640 33542 63319 63289 63263 63423 33932 33914 33953 33964 33788 63279 33242 62604 62527 32736 30900
66493 66428 67797 67125 66731 74452 74396 74457 74347 58727 57923 50370 49858 49717 65791 64707 64582 64525 46504 46020 44284 42618 42228 42826 42231 58434 76241 58490 40351 56268 56493 56246 39963 62055 39269 38946 71493 71086 38302 67020 38074 38071 53250 37401 37052 64181 63983 36323 36480 36386 62368 71389 64750 65982 35524 53771 48681 48662 48509 33833 33675 63662 63832 63903 63995 34115 46278 46423 46142 33652 63297 48427 47809 47642 32659 31210
117610 117734 117909 67717 67455 67459 63280 74680 74334 61097 64725 50661 50382 50252 66757 65528 65326 64905 77477 46413 44450 43221 42931 72027 42594 77451 77010 58831 40694 67437 65993 63584 39918 62287 65935 61991 71876 71518 55161 67138 68814 74575 38135 37355 37252 63697 64421 51735 36408 36319 62324 71314 64599 65795 35532 54421 61654 54572 45189 33935 33856 63895 63980 64122 34104 33993 46489 46054 45670 33389 33325 32895 33075 32676 32436 31561
119992 118922 118472 68219 67755 67664 65598 74979 74514 62047 65427 57354 50901 50641 49390 48105 56775 47694 77867 61894 44980 44170 43689 72352 42960 78241 77771 59102 40977 67694 66169 52089 40138 62707 39627 39399 72406 72032 71899 38538 38327 56160 74226 37382 37415 37306 37085 36806 36479 36245 36119 35854 35631 35391 35164 34849 34612 34410 34211 33997 34084 33989 34036 34086 34034 33825 33669 33471 33251 33049 32848 32649 32448 32230 32025 31832
71892 120168 119066 117552 68091 67950 67723 76011 74524 74321 66136 51701 51385 51156 50398 49665 48801 47854 47034 46228 45376 44722 44179 43551 43023 42504 41885 41208 41143 40873 40644 40375 40129 39921 39650 39409 39196 38975 38790 38560 38343 38136 37874 37626 37509 37298 37087 36829 36610 36338 36042 35866 35692 35410 35177 34938 34764 34463 34315 34048 34153 34114 34158 34170 34140 33961 33779 33548 33376 33172 32951 32797 32536 32398 32282 31975
73686 120658 119231 117779 68469 68062 67441 65483 74555 74348 66463 51892 51571 51255 50514 49669 48857 48005 47117 46314 45497 44868 44254 43694 43094 42588 42037 41515 41263 40957 40731 40507 40208 39971 39835 39531 39330 39094 38910 38734 38308 38303 37956 37729 37548 61614 37163 61175 36667 36349 36374 60228 36136 35639 35502 35327 47410 47004 46866 40466 34248 97653 97719 97648 35888 36010 50651 79211 78787 78475 78162 34598 34646 34105 33851 32536
75907 121898 119449 105486 68453 67785 67272 65963 75795 74248 53946 55189 51785 51383 51439 51338 49274 48472 47823 46640 46151 66533 72519 44338 56668 42975 59741 59032 41565 93160 93090 40832 52859 40381 52185 57384 74692 43201 39623 78327 37473 82638 83144 37907 37696 61758 37383 61351 58226 79536 79223 60301 36460 68459 68140 44927 47791 47273 40846 37520 34499 34578 66221 34489 35987 36065 51563 79999 79547 78824 78556 34877 35027 34581 34045 33198
80449 73664 120740 70723 68433 68366 66897 66490 65700 74046 58169 52721 52203 52032 82461 82358 50060 76420 73657 60381 74690 66684 73212 69945 70422 43612 60316 59392 41972 67686 93413 40961 65507 40510 52360 57523 74824 47136 39786 77965 36894 82596 83130 38211 37839 61911 61847 61554 36815 79813 79346 60187 60462 36061 35792 50105 35333 54100 47114 34782 34754 98126 99314 99519 36028 36113 36169 79755 79288 78822 78389 35071 35212 34871 34236 33580
84409 76849 72771 84554 68526 118906 66917 66307 65955 74408 71520 54937 52655 52407 51897 51129 50999 63371 48232 48145 46819 46098 45552 45247 44987 44271 61121 60156 42371 93937 93868 41666 40747 40491 40446 40349 40431 40374 39908 60110 38323 38528 38356 38185 37987 37810 64495 37516 37595 37593 37271 36806 36934 36722 36551 65987 35616 47832 47448 41148 34963 50360 51723 36785 36064 36104 36229 79862 79898 79904 79912 35908 35321 35038 34449 33738
87533 82085 74197 122493 121002 119285 117552 66089 65450 63036 72932 71672 53143 52799 53006 52485 52211 67211 49874 49075 48559 47569 46738 46171 45003 61945 61436 60332 42781 62907 62557 62662 41785 71708 41359 40569 60522 41055 41112 40823 40428 38525 39100 47989 38181 64753 91300 91083 91164 48661 71235 37215 50335 49124 48614 65795 35690 48410 47557 41355 35174 50520 51637 72206 35975 36063 36235 79859 80080 80117 80097 36078 35335 35142 34726 33793
88969 85921 77385 85619 121905 120183 118639 66496 65222 64909 74441 66344 53608 53305 53299 65267 64518 83481 75143 79031 79478 48145 47305 46503 45571 45368 62065 60806 43186 42999 62731 62942 42555 72019 69830 41222 60737 41192 66580 69866 40540 76971 77348 67212 38339 64893 91307 91202 64369 42908 71474 71132 50351 49062 48672 66020 47824 48239 47858 41499 35398 50568 51482 44919 36053 36038 36195 79819 80043 80047 79202 35827 35254 34810 34500 33943
91233 87913 82219 74894 110062 121592 120347 118844 65448 64368 63954 69099 54084 53755 53845 65454 64908 84005 69344 79709 80187 48542 47809 47031 46235 45944 62452 61186 43636 43434 53471 63320 42801 72299 70027 48585 41195 41191 41182 40802 40299 77611 77364 48354 38431 38328 38075 37805 37449 37220 36929 36733 36546 36223 36136 35957 35799 35708 35499 35364 35544 35462 35685 35733 35786 35887 35991 36080 36042 35835 35540 35228 34916 34596 34274 34030
95215 91497 87063 78693 72970 121952 120421 68176 67561 64174 63243 55516 54588 54223 54026 53117 52279 51580 50802 50235 49389 48816 47911 47258 46536 45744 45156 44306 43919 43641 43342 42992 42645 42281 41932 41611 41263 40934 40600 40238 39914 39550 39155 38811 38553 38283 38020 37825 37574 37304 37058 36803 36553 36300 36101 35974 35888 35798 35513 35359 35602 35568 35699 35776 35885 35956 36090 36188 36264 35946 35645 35286 35027 34768 62173 34007
101059 97803 92873 84533 75333 122983 95396 70108 69892 64692 63622 55490 54832 54476 53901 53130 52353 51672 50954 50216 49475 48770 48047 47340 46591 45867 45093 44473 44030 43742 43443 43108 42728 42450 42036 41693 41369 44396 47270 47019 53122 39594 45249 44730 38644 63371 88236 38053 37803 37428 37150 36878 36591 52873 52921 53041 52960 52308 52231 52287 35710 51360 51353 51107 36249 62584 66771 36509 50853 36238 36002 90700 90703 35317 90175 34100
105677 102143 97912 89565 81063 74776 77904 78468 74049 67398 63301 61000 55279 54568 54298 53947 52837 54424 53074 52801 87574 77690 89470 88875 88794 68909 68276 67715 44348 44144 73418 73004 72794 72760 56010 42998 51474 49105 54994 54652 54269 52606 52261 40303 38941 38703 88449 38163 37914 37599 37165 36876 36568 52916 53249 53598 53523 52529 43721 44090 36006 35956 35722 54209 36416 62824 66939 36407 51204 36347 36333 90504 90453 90199 89889 34163
111962 108216 102985 94774 92857 90405 86905 82108 76590 71173 64444 62391 56884 55533 85428 68150 61746 73764 85776 84572 87207 87455 90746 90662 91589 69613 68988 46398 44837 44626 73834 73787 72999 73082 56086 43054 51698 42764 55754 55268 54823 40811 40314 39770 39222 64039 88847 38775 38228 37891 37437 37043 36599 52922 53566 54162 54091 53387 52954 36208 36302 54839 74099 74491 37122 62240 66850 36579 44425 36803 36585 35328 35298 35373 62084 34290
116239 110981 106113 101432 98652 94781 90614 84655 79213 73475 67222 62240 58042 56574 72328 63625 62406 74199 86237 85091 87349 87633 71416 71707 51169 69076 57880 46400 45285 45179 59672 59404 58950 44123 43037 43676 43645 43441 56452 49580 48707 41210 40625 40328 39535 39274 55584 40025 40247 39601 44196 50706 37175 37042 69590 57106 37910 37710 89140 88935 36541 36451 37078 37149 36413 88989 89018 63854 37191 37019 36629 90854 90974 35436 90306 34446
118039 112649 107887 102732 102106 117389 132864 87117 82300 76138 70170 62164 58784 57656 69525 58993 58024 56977 55689 55073 53947 53132 67843 81942 49985 72059 46673 46344 45779 45650 83319 83075 83069 45183 45050 44872 55391 46742 73732 42954 78626 41913 78732 77771 39828 39628 63657 40259 40305 75767 50464 63605 37465 37826 70073 53487 45992 51831 63313 36823 36789 49987 54728 37034 36123 89021 35520 35300 36813 36614 36327 90720 90709 90705 90331 34474
118861 115028 109115 143221 101931 97682 114088 89788 85664 78729 72602 65366 60677 58710 80004 79156 58450 71308 83420 55472 87826 70251 83927 51258 50433 49828 63361 67482 46344 46117 83792 83521 83243 45177 44945 44617 55336 43846 73944 43015 77717 41922 78807 78081 40151 39888 52620 40093 40004 75563 50833 64127 37873 38331 70333 71256 54627 56544 76916 76495 37058 45814 54710 36822 36642 89572 36083 35972 36142 35987 35712 90647 90412 90351 62386 48429
120798 116499 110731 104975 101952 100487 136253 90771 87626 80841 74725 68945 61033 59683 80322 80043 59189 57409 83898 55500 71475 53993 53199 51524 50630 49635 70212 68301 46932 46638 84123 83823 83392 45267 44809 44271 55094 54544 43246 42993 78469 41776 59931 59475 40380 40164 40068 39845 39592 39351 38986 38816 38639 38469 38259 38021 37817 37621 37439 37174 37250 36975 36817 36648 36501 36270 36105 35990 35831 35652 35482 35274 35113 34904 34748 34590
123418 118099 113009 145095 102039 102319 94992 91934 88166 84222 76663 69964 63669 60552 60180 59277 58276 57295 56439 55435 54414 53413 52467 51530 50605 49664 48764 47834 47125 46802 46356 45900 45479 45064 44653 44175 43810 43358 42891 42496 42054 41611 41171 40738 40480 40164 39914 39710 39495 39314 39145 38875 38690 38449 38290 38141 37968 37757 37646 37478 37345 37043 36856 36760 36564 36446 36275 36270 35900 35733 51762 35345 35023 36020 36866 35730
123922 119101 113240 106449 103423 102808 137945 133047 89320 84337 78089 68425 61733 60698 60407 59643 58635 57645 56673 55693 54570 53431 52747 51759 50822 49857 48884 47900 47139 46853 46475 46017 45553 45158 44689 44410 43644 41719 41676 42094 42484 42712 42394 42462 40611 40360 55426 40685 40344 40096 38595 38157 53631 72670 65387 69463 54199 80151 79775 79318 37574 46083 55193 55324 54623 54593 76306 76434 77698 37102 68657 67815 50352 49052 49868 35984
122973 118641 113087 146411 103511 103357 96520 93322 89250 83163 77332 68994 62759 60766 60475 60099 59446 58808 58147 56730 76048 52215 52202 52248 72649 48710 48790 60898 47297 47074 65926 65581 65186 79271 78786 78649 78715 77336 77016 76573 42640 68673 68718 42567 40916 40696 55796 70421 40578 70485 66861 67183 68671 73096 65965 69480 69409 39164 49936 37952 37782 46356 55237 55076 55111 54810 76444 76519 77705 57437 68925 68759 36690 37673 49970 35820
121414 116757 151172 107762 104308 103872 138266 123822 92474 81587 76872 69925 60968 60479 60329 59586 59520 88731 58539 57222 75490 52251 52179 52266 73631 48767 48749 60961 47442 47152 66228 65905 65552 62707 70312 44923 44739 44356 43768 43313 42937 42985 44827 42153 41275 40987 56030 41060 40892 40450 66723 39738 39888 39649 66593 69727 54335 39538 63071 38182 38037 37820 54833 54799 42385 37380 37307 37140 57429 37114 37430 37569 37430 46247 37291 36362
118208 113056 138630 105086 104843 100439 106547 94310 92321 83805 74247 61688 60729 60556 170870 59347 58740 58924 58592 57328 75472 75498 75571 75501 75256 48825 48814 61071 47741 47438 66478 66094 65706 46115 45935 45144 44630 44317 43827 43695 43643 49580 41677 41539 41681 41394 41463 41273 41177 73026 41016 68096 40456 40353 40206 40015 39802 64612 64491 63792 38419 38103 85341 85386 38614 37684 37290 37246 117445 117466 117502 117513 37259 72938 38169 36342
115010 151124 106560 105712 105090 100831 135985 94506 92301 83186 68043 61260 60590 60715 207732 96116 58508 57898 63392 79023 59086 55043 58434 53428 52089 63047 62484 61774 48045 47692 66945 56851 56358 46231 45915 45189 44593 44378 43912 61166 78409 55759 41683 54215 42053 41777 106726 106354 73866 73301 60411 68711 70579 69069 74215 63431 71277 64697 64468 63963 38549 38341 85620 85255 37838 37630 37227 37222 117460 117507 117473 117435 37300 72930 46990 36859
152054 107872 106101 105484 104638 102705 138852 93986 92850 80240 63311 61265 60944 60577 207561 206679 58266 57595 62602 67769 56330 82413 68414 53609 51893 64662 63076 62379 48281 47890 80059 79620 79124 78564 45952 45784 44687 44343 44022 61290 78329 55869 41840 54306 42356 42170 107214 106712 106542 73591 55773 68828 70857 69064 74352 55749 71368 64779 64434 64055 38768 38570 86151 85768 37649 37766 37556 37329 37146 37004 36835 37073 36303 35902 35508 35361
148385 106361 105778 104424 103893 99978 138727 93878 90241 78442 61962 61380 61322 60548 59616 206360 131769 57396 56596 82374 68186 55842 68133 53421 51759 50950 50116 49234 48483 48225 80310 79742 79270 46558 46110 45762 44866 44485 44131 43981 43715 49612 49260 45982 42625 42500 42365 42131 41841 41565 41282 40984 40846 40688 40278 40046 39821 39589 39309 39094 39005 38770 38518 38336 37994 37718 37470 37243 37072 36805 36521 36334 36049 35803 35545 35293
106472 105878 103395 103345 102262 132202 96861 92532 88239 73397 62145 61620 172463 208569 207776 206986 205608 57227 56476 55977 55355 54396 53567 52730 51911 51122 50339 49449 48714 48460 48100 47579 47054 46548 46003 45444 44973 44607 44284 44060 43799 43547 43286 43047 42864 42775 42503 42236 41931 41683 41503 41175 40925 40645 40406 40145 39980 39674 39530 39230 38980 38765 38584 38440 38219 37912 37594 37487 36910 36571 37128 36711 64834 93294 35496 36414
105887 102547 102729 102724 132926 105022 96477 92297 82926 65059 62356 61880 209634 209437 209305 208532 206615 57012 56438 55930 55429 55015 53946 53102 52183 51333 50536 49638 48897 48575 48398 47867 69137 69905 69381 68818 45119 44590 90902 90759 44415 84805 43750 84457 43253 42934 75998 76530 43731 58325 42116 41842 70177 55398 68748 72312 71109 40169 69238 71803 39084 38914 39085 48255 57200 38196 56761 37771 36970 36768 49929 49389 65117 93326 46992 36525
101125 101619 102477 99513 130624 96543 96046 87661 73545 63348 62553 62379 209729 209409 209295 209335 60623 57021 56641 55880 55340 55194 81541 65598 52309 51019 50056 49952 49230 48932 49484 48373 91192 93224 92753 92327 45576 45090 92012 92264 45212 85420 65026 85078 43717 43469 76745 77426 72091 59560 58755 53732 70395 56044 68952 72519 63431 40460 54688 47448 39232 39019 39195 39101 57103 38532 37875 37615 37017 36796 44265 51273 37126 64045 34899 35244
