input/dem_d_asc10.asc
ncols         442
nrows         432
xllcorner     521738
yllcorner     5039334
cellsize      10
NODATA_value  -9999
[rows 170 to 203 of 432, columns 76 to 151 of 442]
-9999 -9999 -9999 -9999 -9999 -9999 -9999 -9999 -9999 -9999 -9999 -9999 -9999 -9999 -9999 -9999 -9999 -9999 -9999 -9999 -9999 -9999 -9999 -9999 -9999 -9999 -9999 -9999 -9999 -9999 105772 105623 105582 110575 120993 106036 96099 92461 89602 83889 80829 76725 72485 86538 70997 69520 66665 65252 64903 88563 87741 85592 56298 54705 53721 49875 49477 73454 62761 49199 74045 72386 49774 81214 82297 81875 80906 47042 71281 71361 46361 44195 44114 44421 43949 55062
-9999 -9999 -9999 -9999 -9999 -9999 -9999 -9999 -9999 -9999 -9999 -9999 -9999 -9999 -9999 -9999 -9999 -9999 -9999 -9999 -9999 -9999 -9999 -9999 -9999 -9999 -9999 -9999 -9999 -9999 106138 105895 105686 105550 105579 130268 127116 97527 92518 89446 82963 81836 86679 94726 71459 96558 96083 66515 65132 64794 64418 74437 58822 56145 79288 51184 50613 74495 63258 50874 74247 61375 61307 81641 65785 82239 47914 47103 70895 70876 46517 44734 44623 65141 44534 55475
-9999 -9999 -9999 -9999 -9999 -9999 -9999 -9999 -9999 -9999 -9999 -9999 -9999 -9999 -9999 -9999 -9999 -9999 -9999 -9999 -9999 -9999 -9999 -9999 -9999 -9999 -9999 -9999 -9999 -9999 107175 108679 107686 105395 105486 105415 105357 130126 97621 93246 89245 83076 82976 79216 74929 96943 69356 69363 66271 65043 64665 62131 59951 57071 80289 52650 51809 75224 63394 50880 73976 50301 49794 49588 57259 48430 47844 47267 46743 46242 45761 45193 45045 44954 44495 43978
-9999 -9999 -9999 -9999 -9999 -9999 -9999 -9999 -9999 -9999 -9999 -9999 -9999 -9999 -9999 -9999 -9999 -9999 -9999 -9999 -9999 -9999 -9999 -9999 -9999 -9999 -9999 -9999 -9999 -9999 109131 130816 125794 108709 105376 105492 105298 105603 130560 97624 93711 88408 84260 83907 78644 80055 73155 80549 69577 65781 64911 64489 61900 59294 56954 53094 52355 51898 51435 50986 50544 50121 49651 49186 48713 48255 47777 47295 46815 46335 45822 45478 45252 44945 44505 44023
-9999 -9999 -9999 -9999 -9999 -9999 -9999 -9999 -9999 -9999 -9999 -9999 -9999 -9999 -9999 -9999 -9999 -9999 -9999 -9999 -9999 -9999 -9999 -9999 -9999 -9999 -9999 -9999 -9999 -9999 -9999 -9999 109896 122574 109285 105295 105325 105225 105228 116856 97971 93180 88457 84820 81991 80954 74140 85648 71304 68569 65332 64657 64169 82161 58969 55090 52634 52162 51830 51265 50790 50653 50101 49627 49125 49761 50323 59646 70334 47889 69479 45628 45356 47249 46856 46505
-9999 -9999 -9999 -9999 -9999 -9999 -9999 -9999 -9999 -9999 -9999 -9999 -9999 -9999 -9999 -9999 -9999 -9999 -9999 -9999 -9999 -9999 -9999 -9999 -9999 -9999 -9999 -9999 -9999 -9999 -9999 -9999 111627 128018 127030 110252 105509 105241 105127 124158 121418 96529 91794 86201 85430 80186 74640 79990 73139 70059 67670 64591 64196 63673 80969 76617 55576 54429 54153 53841 82626 53848 71729 51547 82277 51130 51117 49692 72383 48716 70564 46065 45830 73448 47065 74915
-9999 -9999 -9999 -9999 -9999 -9999 -9999 -9999 -9999 -9999 -9999 -9999 -9999 -9999 -9999 -9999 -9999 -9999 -9999 -9999 -9999 -9999 -9999 -9999 -9999 -9999 -9999 -9999 -9999 -9999 -9999 -9999 111596 129015 118279 130189 110940 105358 105158 105168 105093 102198 95718 89973 86691 100777 77499 88370 101699 73344 69192 67463 64072 63711 63158 61319 57294 54997 54379 61149 82798 53926 72431 51587 82406 51121 51128 50473 73005 72372 71297 46567 46309 48138 47643 46505
-9999 -9999 -9999 -9999 -9999 -9999 -9999 -9999 -9999 -9999 -9999 -9999 -9999 -9999 -9999 -9999 -9999 -9999 -9999 -9999 -9999 -9999 -9999 -9999 -9999 -9999 -9999 -9999 -9999 -9999 -9999 -9999 -9999 -9999 131694 137239 111848 110287 104969 104949 105230 103306 101976 90564 87546 102026 78510 88825 102057 74341 88707 67530 65143 63553 63217 62687 59861 57465 56078 54500 54297 54546 53644 53250 52512 51085 51106 50822 50782 50878 73372 47181 46944 59865 59597 53195
-9999 -9999 -9999 -9999 -9999 -9999 -9999 -9999 -9999 -9999 -9999 -9999 -9999 -9999 -9999 -9999 -9999 -9999 -9999 -9999 -9999 -9999 -9999 -9999 -9999 -9999 -9999 -9999 -9999 -9999 -9999 -9999 -9999 -9999 113481 113325 118070 111758 105275 104993 105035 129942 99460 92651 88443 84359 79636 77123 75977 75646 73681 71500 72349 66455 63113 62770 62284 60608 85445 84974 57899 57334 57018 75085 54029 96436 96432 96385 96425 96408 96464 47621 47481 76777 48132 59697
-9999 -9999 -9999 -9999 -9999 -9999 -9999 -9999 -9999 -9999 -9999 -9999 -9999 -9999 -9999 -9999 -9999 -9999 -9999 -9999 -9999 -9999 -9999 -9999 -9999 -9999 -9999 -9999 -9999 -9999 -9999 -9999 -9999 -9999 114072 125731 136324 112461 107465 104937 105024 129733 100654 92656 88967 85986 81755 78677 88520 96891 74370 72816 89701 67068 66192 62659 62288 61790 61082 86506 59055 58207 76885 75203 73860 96404 96468 96475 96418 96419 96448 48175 48017 63134 48563 59690
-9999 -9999 -9999 -9999 -9999 -9999 -9999 -9999 -9999 -9999 -9999 -9999 -9999 -9999 -9999 -9999 -9999 -9999 -9999 -9999 -9999 -9999 -9999 -9999 -9999 -9999 -9999 -9999 -9999 -9999 -9999 -9999 -9999 -9999 -9999 134449 133743 113387 109163 104910 104890 104896 100603 92314 89158 100152 82836 79670 78019 77236 74242 73009 70492 68053 65999 63895 62194 61848 61416 60834 59741 58878 57716 56803 55680 51827 52549 52406 74273 50774 49609 48661 48479 48213 47622 47069
-9999 -9999 -9999 -9999 -9999 -9999 -9999 -9999 -9999 -9999 -9999 -9999 -9999 -9999 -9999 -9999 -9999 -9999 -9999 -9999 -9999 -9999 -9999 -9999 -9999 -9999 -9999 -9999 -9999 -9999 -9999 -9999 -9999 -9999 -9999 135137 134854 114687 109238 104804 104806 127649 99414 93432 88853 115397 80521 79846 77254 75587 73785 83474 96368 96046 67727 66150 63093 61834 61577 60881 59906 58897 57923 56907 55860 54834 53784 52710 51655 50586 49561 48858 48657 48126 47481 46931
-9999 -9999 -9999 -9999 -9999 -9999 -9999 -9999 -9999 -9999 -9999 -9999 -9999 -9999 -9999 -9999 -9999 -9999 -9999 -9999 -9999 -9999 -9999 -9999 -9999 -9999 -9999 -9999 -9999 -9999 -9999 -9999 -9999 -9999 -9999 116664 135621 115566 109362 104744 104776 128200 99595 91548 88129 121896 80993 79682 76801 103291 73336 69802 68403 95998 67112 64302 63147 62050 61630 61163 60102 59450 58708 57118 55735 55228 53982 53154 52162 69044 69121 48977 48769 49031 56798 66531
-9999 -9999 -9999 -9999 -9999 -9999 -9999 -9999 -9999 -9999 -9999 -9999 -9999 -9999 -9999 -9999 -9999 -9999 -9999 -9999 -9999 -9999 -9999 -9999 -9999 -9999 -9999 -9999 -9999 -9999 -9999 -9999 -9999 -9999 -9999 126466 136169 115550 109720 104698 104696 123747 97433 88555 104086 119558 81308 79702 77094 75046 72896 70475 68513 67711 65587 64692 63651 63013 91741 91486 60414 89778 59585 57704 56505 79140 101097 53180 52628 59824 69249 49425 49137 49683 68588 68587
-9999 -9999 -9999 -9999 -9999 -9999 -9999 -9999 -9999 -9999 -9999 -9999 -9999 -9999 -9999 -9999 -9999 -9999 -9999 -9999 -9999 -9999 -9999 -9999 -9999 -9999 -9999 -9999 -9999 -9999 -9999 -9999 -9999 -9999 -9999 -9999 131472 115516 109197 104610 104505 123050 95618 88715 86146 83431 80621 78341 76419 74521 72594 70690 68794 67273 66224 65906 90620 89883 91674 76096 60328 89779 59869 58255 57238 103335 101496 53241 52926 69584 69551 49829 49602 49710 50382 50435
-9999 -9999 -9999 -9999 -9999 -9999 -9999 -9999 -9999 -9999 -9999 -9999 -9999 -9999 -9999 -9999 -9999 -9999 -9999 -9999 -9999 -9999 -9999 -9999 -9999 -9999 -9999 -9999 -9999 -9999 -9999 -9999 -9999 -9999 -9999 117889 132407 130055 108150 104466 104303 101947 95647 88666 86041 110388 80853 79127 78040 75449 73209 78690 70112 67568 67341 83266 77323 64172 62697 62525 62438 62320 62163 58750 57923 57546 102306 53734 53619 52730 51445 50205 50009 49661 50270 50355
-9999 -9999 -9999 -9999 -9999 -9999 -9999 -9999 -9999 -9999 -9999 -9999 -9999 -9999 -9999 -9999 -9999 -9999 -9999 -9999 -9999 -9999 -9999 -9999 -9999 -9999 -9999 -9999 -9999 -9999 -9999 -9999 -9999 -9999 -9999 118533 142374 137860 107708 104410 104250 125823 97963 89152 86493 112001 80310 107334 78678 75359 71845 100045 84491 68300 67695 67713 82773 64555 63254 63390 64342 64363 63407 59464 58693 104589 103102 102019 68381 67524 66216 50654 50409 77995 49979 50182
-9999 -9999 -9999 -9999 -9999 -9999 -9999 -9999 -9999 -9999 -9999 -9999 -9999 -9999 -9999 -9999 -9999 -9999 -9999 -9999 -9999 -9999 -9999 -9999 -9999 -9999 -9999 -9999 -9999 -9999 -9999 -9999 -9999 -9999 -9999 -9999 131073 138219 107220 104325 104286 126016 98253 90142 87271 85608 80499 107468 78377 76118 71999 70620 70218 69432 69507 91632 91304 68368 68452 67549 88152 86908 84653 60334 59540 58083 104425 56997 69488 68264 67551 51198 50909 78918 50287 50179
-9999 -9999 -9999 -9999 -9999 -9999 -9999 -9999 -9999 -9999 -9999 -9999 -9999 -9999 -9999 -9999 -9999 -9999 -9999 -9999 -9999 -9999 -9999 -9999 -9999 -9999 -9999 -9999 -9999 -9999 -9999 -9999 -9999 -9999 -9999 -9999 119165 115612 107862 104263 104218 112156 97091 91594 88161 87881 84007 79225 76453 89200 72808 71191 70803 70891 73844 73279 71905 72081 71948 70322 69452 69329 81599 65317 63220 72536 63208 70754 55107 81496 79436 51487 51286 50791 50228 49543
-9999 -9999 -9999 -9999 -9999 -9999 -9999 -9999 -9999 -9999 -9999 -9999 -9999 -9999 -9999 -9999 -9999 -9999 -9999 -9999 -9999 -9999 -9999 -9999 -9999 -9999 -9999 -9999 -9999 -9999 -9999 -9999 -9999 -9999 -9999 120581 145961 117091 107575 103830 103833 113586 98243 91456 89029 109361 86734 79681 102896 102688 73855 72425 72806 82838 76021 75959 75691 87583 75055 70890 69916 69127 68210 67224 66384 75787 63215 73418 55207 82265 79743 51636 51459 50945 50350 49687
-9999 -9999 -9999 -9999 -9999 -9999 -9999 -9999 -9999 -9999 -9999 -9999 -9999 -9999 -9999 -9999 -9999 -9999 -9999 -9999 -9999 -9999 -9999 -9999 -9999 -9999 -9999 -9999 -9999 -9999 -9999 -9999 -9999 -9999 -9999 120939 121016 117859 108093 103199 103061 102777 98226 91672 89826 90204 85755 80196 76308 96138 74740 76680 85480 86721 76727 76600 88606 88194 87831 74827 70536 70131 68384 67335 66323 65480 64093 82305 55404 82114 80885 52401 52130 53520 53374 52766
-9999 -9999 -9999 -9999 -9999 -9999 -9999 -9999 -9999 -9999 -9999 -9999 -9999 -9999 -9999 -9999 -9999 -9999 -9999 -9999 -9999 -9999 -9999 -9999 -9999 -9999 -9999 -9999 -9999 -9999 -9999 -9999 -9999 -9999 -9999 -9999 143176 116987 106656 102445 102266 102093 98788 92692 90640 114764 87133 81327 84079 75987 77442 79147 79327 79416 79051 78144 77908 76527 76322 75789 72154 71354 70458 67597 66358 65238 64414 63687 59246 78935 78710 53624 53363 83924 53512 83820
-9999 -9999 -9999 -9999 -9999 -9999 -9999 -9999 -9999 -9999 -9999 -9999 -9999 -9999 -9999 -9999 -9999 -9999 -9999 -9999 -9999 -9999 -9999 -9999 -9999 -9999 -9999 -9999 -9999 -9999 -9999 -9999 -9999 -9999 -9999 132266 143134 116393 106612 101638 101490 125578 99318 93292 91498 104111 87878 82559 78682 79746 82358 82478 82272 81866 80304 79643 89266 103953 103558 77171 73969 72440 97709 95236 67644 65511 64296 63602 59808 79347 78941 54895 54591 84839 53935 53456
-9999 -9999 -9999 -9999 -9999 -9999 -9999 -9999 -9999 -9999 -9999 -9999 -9999 -9999 -9999 -9999 -9999 -9999 -9999 -9999 -9999 -9999 -9999 -9999 -9999 -9999 -9999 -9999 -9999 -9999 -9999 -9999 155381 125216 121421 131760 141038 116515 106053 100780 100718 101624 99982 94166 92365 93758 89773 86771 86000 86267 86522 85275 84319 84041 81309 79744 80041 104151 103740 78386 75950 73565 73582 83053 73968 68177 64636 63347 62308 59910 59187 56178 55813 71070 63380 63178
-9999 -9999 -9999 -9999 -9999 -9999 -9999 -9999 -9999 -9999 -9999 -9999 -9999 -9999 -9999 -9999 -9999 -9999 -9999 -9999 -9999 -9999 -9999 -9999 -9999 -9999 -9999 -9999 -9999 -9999 -9999 125616 125488 123744 121513 136865 142434 115848 106039 100014 99725 121600 99560 95242 93302 106463 95024 88728 87949 96921 88225 115319 114206 92216 82344 82654 80941 80154 79370 78931 78454 74842 74546 70047 90065 69057 67717 64733 62497 61267 59722 57673 57073 71375 71799 71421
-9999 -9999 -9999 -9999 -9999 -9999 -9999 -9999 -9999 -9999 -9999 -9999 -9999 -9999 -9999 -9999 -9999 -9999 -9999 -9999 -9999 -9999 -9999 -9999 -9999 -9999 -9999 -9999 -9999 130013 127424 149354 125897 122836 121517 121912 140141 117701 107751 99332 98583 110029 99477 96348 94111 107651 92484 89855 89653 90003 89357 88791 87602 86475 98842 97176 84023 83226 81731 99568 99573 78110 75643 74795 70043 69620 68646 66158 64283 61772 60140 58881 58318 73309 72573 56500
-9999 -9999 -9999 -9999 -9999 -9999 -9999 -9999 -9999 -9999 -9999 -9999 -9999 -9999 -9999 -9999 -9999 -9999 -9999 -9999 -9999 -9999 -9999 -9999 -9999 -9999 -9999 -9999 145630 131323 126412 149343 125774 121835 121642 142045 140504 117593 110786 102081 98282 97209 96126 95375 94653 93884 93212 92484 91800 90897 89864 88866 87830 86794 85756 84775 83830 82958 81903 85933 81389 80524 76739 76492 72577 81065 91469 67686 66267 65846 61535 59721 59173 58530 57601 56629
-9999 -9999 -9999 -9999 -9999 -9999 -9999 -9999 -9999 -9999 -9999 -9999 -9999 -9999 -9999 -9999 -9999 -9999 -9999 -9999 -9999 -9999 -9999 -9999 -9999 -9999 -9999 -9999 135150 131334 126919 126348 125772 121712 121739 141908 141789 115385 109277 105730 99190 97928 96857 96122 95785 112606 94207 94313 92407 91845 91796 91138 88780 88933 87383 85175 84005 82842 81957 81001 79995 79015 77888 77484 73852 71584 70387 81009 87935 86674 65576 61097 59663 59026 57655 56657
-9999 -9999 -9999 -9999 -9999 -9999 -9999 -9999 -9999 -9999 -9999 -9999 -9999 -9999 -9999 -9999 -9999 -9999 -9999 -9999 -9999 -9999 -9999 -9999 -9999 -9999 -9999 -9999 146380 132023 127539 147849 124899 121713 121761 122054 142068 114456 107082 103103 110536 120137 122455 103637 97833 115565 95998 104556 93716 93944 94333 95828 104597 91087 89487 87852 88526 87212 84672 83593 81171 79587 78581 78411 77166 75534 73153 69655 67502 66365 65093 61846 60171 59911 91107 100976
-9999 -9999 -9999 -9999 -9999 -9999 -9999 -9999 -9999 -9999 -9999 -9999 -9999 -9999 -9999 -9999 -9999 -9999 -9999 -9999 -9999 -9999 -9999 -9999 -9999 -9999 -9999 -9999 151722 132240 126919 147997 126435 121721 121798 122210 139833 114007 106153 102266 106776 110927 101549 100319 98233 98470 97382 96455 95906 94879 116346 92756 106499 91466 91182 103496 103631 103596 105925 87897 99654 103415 83273 79650 100330 77317 76297 70618 66873 71458 105559 105528 63786 60566 60744 102877
-9999 -9999 -9999 -9999 -9999 -9999 -9999 -9999 -9999 -9999 -9999 -9999 -9999 -9999 -9999 -9999 -9999 -9999 -9999 -9999 -9999 -9999 -9999 -9999 -9999 -9999 -9999 -9999 133821 132348 126982 126793 126357 121855 121768 143931 141650 113458 105776 102740 102492 102325 102587 102049 107242 99998 102442 101536 99259 96296 117678 94575 93695 93818 92825 90180 89826 93226 106141 96938 104219 103848 94182 80866 100930 100222 85306 70458 71429 80359 109761 108861 65739 64793 61592 61815
-9999 -9999 -9999 -9999 -9999 -9999 -9999 -9999 -9999 -9999 -9999 -9999 -9999 -9999 -9999 -9999 -9999 -9999 -9999 -9999 -9999 -9999 -9999 -9999 -9999 -9999 -9999 -9999 144815 132844 127905 127485 126992 122001 121851 145676 120278 112892 106665 103507 104815 107256 106992 105621 105940 105800 105288 103724 101340 97638 98337 123113 123601 97212 95142 93829 92204 90422 89463 87847 85231 103958 84767 82026 81193 93488 75714 72163 75847 82310 70389 86815 101926 68697 64258 62536
-9999 -9999 -9999 -9999 -9999 -9999 -9999 -9999 -9999 -9999 -9999 -9999 -9999 -9999 -9999 -9999 -9999 -9999 -9999 -9999 -9999 -9999 -9999 -9999 -9999 -9999 -9999 -9999 150285 133427 128178 141729 141408 122217 121843 133656 144776 114919 109195 105875 108659 110300 109359 108723 106894 118913 118081 104953 103251 116587 99526 100173 125496 98416 96401 95138 93233 92110 90768 85808 104201 84979 83525 82616 81742 107273 104294 74231 71389 82680 70611 70783 71580 83204 67685 63178
-9999 -9999 -9999 -9999 -9999 -9999 -9999 -9999 -9999 -9999 -9999 -9999 -9999 -9999 -9999 -9999 -9999 -9999 -9999 -9999 -9999 -9999 -9999 -9999 -9999 -9999 -9999 -9999 150784 133633 128979 141995 127783 123381 121967 121893 121141 118830 113828 110256 112673 113126 111547 110290 108421 107280 119061 105778 104009 118577 116522 101412 102407 122255 121341 100566 98667 94485 91514 86244 86294 85244 90890 89451 81913 80331 105846 103241 74230 70455 70843 70982 71044 83108 81298 67234
