input/dem_d_asc10.asc
ncols         442
nrows         432
xllcorner     521738
yllcorner     5039334
cellsize      10
NODATA_value  -9999
[rows 306 to 339 of 432, columns 304 to 379 of 442]
28643 28435 28228 78290 77692 39474 26597 26412 26075 25745 25470 24982 71249 86257 85777 85199 84512 83807 83090 20989 20942 20740 63198 62559 158254 157813 157105 156904 17547 17281 17057 16881 16670 16502 16609 16787 16701 14797 14476 61021 60966 60762 60550 60348 60100 59878 13007 12832 12826 89708 31977 12478 12330 12144 12256 12249 11970 11802 79698 79583 79443 79330 79224 79106 11324 11269 11041 43491 43283 43156 42908 42754 42859 10204 7817 9306
29352 29009 79167 78634 78038 52345 26745 175408 26109 25684 25458 25161 24834 70604 85463 85086 84389 83794 52395 21165 20960 20868 150547 62735 158505 157945 157208 156998 17631 17298 131455 16881 16403 16215 16076 15820 15732 15087 14698 61454 61207 61017 60819 60577 60330 60082 13058 12930 89961 89843 89664 89562 89533 12471 12184 12107 12012 11934 79682 79633 79465 79383 79256 79242 11346 11226 43678 43509 43361 43214 43088 42789 34654 9238 8338 10125
105671 105136 79566 78978 78391 27513 27214 175647 175097 174757 25357 25110 24651 24093 23484 23236 84557 83946 21529 21363 21121 238542 238225 237810 237360 158030 157318 18357 17913 17760 131649 131200 130797 73519 15834 15535 15399 15132 15002 61676 61443 61272 61055 60807 60567 13588 19397 25153 90025 89931 89838 89721 89612 89497 89243 12018 11943 11811 11627 11709 11746 79412 79409 79405 11382 11091 43716 43593 43452 43305 43148 42956 10371 9247 9846 10045
106413 93092 79910 79340 78774 27875 176473 175987 175435 175009 25713 79457 78823 31315 23421 22984 22449 21925 21539 21474 21417 238696 238393 238090 237447 236948 236336 18586 18172 132323 131902 131489 131105 130719 130305 129954 15397 15198 14977 15003 14939 61422 61214 60915 60608 13628 13497 13430 90213 90110 90017 89880 89725 89616 12576 12305 12154 70986 11958 11838 11499 11397 11518 11604 11395 11369 43808 43619 43500 43381 43248 42871 10357 9805 10375 10355
106694 80680 80099 79544 28624 28146 95567 95104 175730 26408 25863 79535 54101 53371 52745 52302 22383 21805 21750 21523 21334 238595 238274 238229 237777 237217 73498 18799 18550 222581 222200 176859 131490 131053 130594 130227 15553 15214 15237 14919 14569 14430 14470 14487 49175 13810 13619 90549 90477 90290 90193 90039 89884 89735 12517 12536 41807 71123 71014 70855 88897 11714 11543 11457 11377 11361 27579 43628 43526 43393 18776 10486 10313 10275 10467 10294
30741 43033 80368 79863 28984 28532 95804 95232 94676 26553 86723 79479 54104 52773 52190 51989 51961 22109 21907 21479 21278 20988 20629 20504 237738 237366 19369 19082 18898 222891 155159 222206 131884 221315 130877 16388 15843 15604 53553 53617 53496 14649 14287 14072 14069 13958 13914 90742 90585 90468 90353 90198 90051 51554 12847 12578 71403 71265 71088 89131 88950 88840 30946 11489 11406 11237 11026 10954 10955 43297 10661 10374 10413 10625 10523 10271
30753 30492 29954 29694 29376 96666 96128 95471 44114 26860 147339 146139 145766 53217 51854 51802 51986 22524 22172 237989 237318 21013 20595 20466 20129 19844 19618 19238 223444 223289 223012 222525 132226 199165 221136 16615 16219 128961 54224 54032 53814 53517 53614 43708 14109 13997 13820 13788 33020 90651 90525 90379 90202 13142 13085 12807 71515 71321 71143 89187 89009 88950 11645 11621 96586 96352 11196 11021 10744 10511 10561 10490 10428 10668 10738 10373
114528 51274 29925 29754 29572 29089 28655 95675 27388 27109 147372 145682 144379 55841 55652 56131 23321 22990 22552 238166 237385 236883 236684 236517 20001 19665 19681 19490 19485 223537 223315 222949 222482 221961 68368 16847 16548 242193 241959 241725 241566 53500 53324 53076 14087 13999 14119 13791 13516 13509 13637 90537 90406 13174 13072 88756 71656 71424 71224 33856 89064 88889 11821 11595 96631 96345 11220 11279 10981 10745 10535 10515 10454 10450 10539 10731
94982 114690 113710 29749 29574 28975 28523 27934 27603 148354 147977 146247 56605 56369 56630 56942 23593 23443 239063 238506 237950 237489 236935 236684 236480 19947 19693 19538 19354 19238 18958 18848 222673 222190 17687 17167 17163 242530 242093 241859 241718 241073 240658 14432 14444 14162 66943 66714 66646 13727 13436 13388 13416 13283 13133 88899 88741 88474 34164 33964 33765 11952 11978 11758 96536 96319 11253 11136 10969 10786 10457 10538 10602 10534 10527 10337
32475 31903 72520 30271 30182 30231 28975 27781 27723 27440 27044 26670 59018 57981 57867 49452 24162 23700 239580 239068 238537 238018 237498 237048 128767 20282 19980 171839 171318 19215 18822 18754 18446 18147 17828 17450 243265 242817 242228 242016 241701 241090 240627 14451 14505 27549 67100 67017 66891 66712 66536 40055 13332 13287 13144 12949 12952 88592 34301 34104 33874 11994 11906 57768 57551 34414 11317 11135 10957 10776 10574 24722 67214 67216 10509 10370
32372 31814 30982 30858 30779 30310 29918 28256 27754 27388 26815 26572 26183 25707 33737 24914 24661 24178 240021 239631 239104 238583 238063 237543 21077 20710 20557 172202 171715 171472 84055 83557 18416 18114 17947 17656 17473 243109 242507 242082 241676 241119 127766 14699 14477 67371 67245 67111 66977 66775 66564 13673 13424 13235 13319 13060 12814 12669 12397 23223 28484 12087 11852 57858 57681 57554 11387 11206 10953 10618 10579 39007 67261 67227 67136 67181
32499 32030 31450 31472 30845 30494 30233 28771 111287 110675 109967 109536 25975 25658 25395 25085 24933 24755 240389 240128 239614 239024 238436 237877 21260 21023 59100 172550 172117 106419 84233 83717 83428 18286 18157 17763 17426 17011 16546 72706 241652 241180 14895 14831 14546 67422 67332 67198 67041 66837 66649 13667 13654 13376 107451 107352 107048 12750 12439 12307 12185 12127 46478 57969 57797 57373 33975 11181 10957 10613 10633 10805 10827 10757 67192 67128
33550 32359 32044 31521 31030 30725 29931 29143 111678 110946 110205 109547 131895 131402 25272 25139 24948 24674 24203 23860 239684 239169 238640 22105 21759 21410 173206 172765 172316 84844 84410 83978 83544 18410 18278 18119 377114 376586 16398 16092 15606 15189 14911 14816 34335 34205 42542 67286 67105 66901 66697 13639 13747 60580 107596 107464 107239 87416 87149 68174 12167 12056 12037 11725 11580 56810 56563 56380 22293 10715 33603 10897 10872 10717 10676 67075
33458 32642 32550 32031 31319 30995 30251 71328 112165 111465 110779 27112 132043 131723 25569 25400 25231 24621 23881 23856 23468 23024 76879 22451 22079 21899 173395 172943 172491 85021 84569 84120 18933 18746 18599 18255 377430 377051 376541 16165 15506 15112 15135 14891 14689 34216 34155 49590 31887 66881 13884 13851 13637 117986 107752 107619 87937 87620 87225 31041 12262 12131 11979 11691 11691 11533 11209 33782 10870 10716 29992 30023 33636 33492 67110 67026
33214 32942 32832 32441 31884 31471 30693 113247 112650 112016 111329 27763 132818 132246 26004 25748 326592 325454 324986 213858 23411 22986 22766 22444 22247 174176 173776 173148 85678 85227 84802 84364 19154 19041 18909 378038 377608 377155 376615 16494 15705 15228 15194 14846 14712 14552 14376 23101 49315 49138 13911 14020 13762 121526 121341 121448 55217 54829 33688 12476 12410 74694 74611 48138 39767 11268 11098 10947 10857 10814 40166 40173 40176 64670 62251 59819
33152 32941 32759 32348 31902 31555 31202 113363 112197 111677 69672 133276 132768 26786 26508 26206 326335 325562 324875 102690 102434 102136 22762 22492 22280 22186 21806 21542 85867 85505 84882 52047 19227 19106 19109 378155 377702 377247 17146 16537 15843 15561 15269 30096 29797 14608 14376 14316 14119 14014 13983 13980 121761 121596 121320 121345 46447 48264 54342 12683 12441 38434 38180 39230 40000 39875 39569 11074 10908 10814 10839 10732 10796 64699 64559 64540
33395 33313 32680 32149 31879 31672 31208 30408 112332 111549 111082 127797 133109 26999 26935 252519 327019 326094 325340 102643 102354 102153 22732 22489 22497 22049 21601 21342 21013 20567 36498 19788 19629 19569 19211 378250 377796 377289 17179 16567 15954 15890 15391 31599 29798 29496 30838 30630 14185 14025 14190 14050 13853 121633 121533 13349 55795 46126 12864 12821 12343 38427 38197 39678 40019 39789 39629 11012 10879 10933 10874 10686 10821 10687 10557 10636
33914 33706 33145 32553 32192 31462 29863 30062 28862 28403 69495 110900 69421 27553 27188 328110 327304 326412 103468 102878 102427 102118 22829 22579 315064 314570 314041 240546 20864 20399 20083 19777 19681 19840 19340 18844 18390 377321 17210 16598 16119 15979 26097 36096 35671 35294 30703 30654 30531 13986 14223 13925 13895 13764 13476 13445 55891 55681 12827 12817 38498 38483 38222 40244 40037 39807 32469 11153 21867 11022 11021 10926 88550 10721 10590 10485
34403 34097 33960 33159 32408 32023 88081 86951 28363 28298 28182 28141 28053 28020 27790 328232 327482 326584 103730 103145 102608 23142 22989 22828 314991 314425 313872 313426 166461 20346 20020 19795 19656 19442 19080 18857 18465 17901 17342 16652 16416 16101 103846 103268 52410 14434 14310 14308 18289 14254 14149 33252 33163 13696 13539 13507 13239 12999 13048 12704 38564 38528 39432 40314 40052 39793 11135 11199 63260 54273 54304 30650 88713 88518 88443 10420
34855 34354 33933 33357 32541 91010 89963 88522 87215 86840 86926 28288 28190 28119 27702 27257 327623 326647 103951 103411 102745 23139 22974 169299 315410 314812 314073 313259 312772 20380 20169 19950 138493 19293 18888 18569 18252 17917 17553 16916 16712 16394 103965 103421 102877 102559 102318 14527 14513 14496 14264 33404 33093 32878 32981 86240 13273 13125 13085 12769 12401 38413 38362 64050 63789 39761 11281 11187 63433 63425 63371 89036 88812 88560 10618 10403
35187 34855 34124 33488 32829 91511 90889 90197 88832 86968 87034 28658 28459 28022 27625 26975 26326 25594 64588 103399 63122 23379 23142 23485 315997 315269 314264 313464 312936 313010 20293 20110 138724 138122 137775 77878 18069 17633 17365 17030 16851 104382 104127 103671 103174 102938 102697 102585 14678 14650 24059 33277 32911 32712 33115 110605 110427 13145 13060 12812 12697 12383 12052 25010 63886 24510 11379 77637 63408 63439 63452 32948 88823 88624 10602 10514
35421 34933 34395 33659 84120 100960 100790 91407 89785 88422 87671 28861 28758 28357 27642 27011 26262 25478 24874 24069 23611 23485 23428 23831 316116 315524 314510 313700 313338 20915 20592 20414 138960 138369 137973 137234 136726 135957 17284 17202 16946 16641 16306 38074 103567 103283 103075 58919 14876 14586 80956 80354 44524 33221 111055 110747 37742 13309 13164 253598 253268 12375 12043 11938 11645 11386 11356 77567 77567 77597 32964 32864 32734 21695 10437 10565
35329 34919 34578 33941 101390 100978 100839 91292 90432 89276 88157 29285 28960 28522 142806 143007 28983 26723 24843 24109 23736 23588 23441 23280 23487 315349 314529 314102 313740 21053 20885 109833 138830 138226 137924 137574 137093 136596 17536 17461 17155 16836 16295 16113 15763 15554 81221 15048 15001 14704 22524 80977 79661 24721 24500 110872 13514 13376 13395 253682 253358 253090 252709 192321 11596 11553 11365 11211 11242 77564 32899 32792 32680 10755 10530 10569
35202 34831 34575 34051 101403 100983 100631 91043 90261 89395 29914 29664 29182 28530 143871 144250 144573 142824 139961 24461 24096 23735 23440 23129 22849 22481 22353 241388 94695 21208 20936 139529 138709 138066 137812 137601 137319 136922 17889 17638 17562 17109 16739 16296 15816 15430 15223 15125 15013 25386 25220 25061 24970 24780 24629 24303 13594 13430 194038 253901 253635 253166 252705 252399 11704 11582 11464 11348 11224 11133 10977 16400 32625 10580 10626 10527
35696 34866 34486 34111 33643 32911 32611 90777 90079 89352 30179 29897 29263 143600 143876 29152 86752 142847 111731 24966 24572 24404 22880 22452 20039 22421 22212 21804 21662 21476 21321 139710 138915 138391 138048 137763 137438 18353 18277 17985 18003 17260 16972 16666 16099 15780 15133 15170 14896 14734 14516 14489 24971 24848 24753 13754 13699 13678 254310 254175 253740 253304 252865 192280 11740 11677 55182 55057 54711 11208 11095 11065 10775 10614 10698 10631
35600 35094 34610 34226 33561 32865 32474 31906 31487 45664 30604 30129 28567 143478 57477 29009 28463 142321 25886 25417 25135 23117 23287 22903 22941 22848 22297 21968 21679 21524 21233 139763 139583 138997 138484 138119 137755 18630 18557 18476 18165 17578 17232 16903 16416 15812 15190 15218 96539 340634 14521 14477 14315 14207 22023 13841 13770 13884 254325 254179 253805 253391 253004 12136 12026 33616 55552 55401 55115 55013 54717 11146 10907 10801 10751 10873
35779 35228 35012 34469 33812 33239 124410 31793 31318 31055 30903 30532 86088 143454 143579 28764 142673 141839 26453 26038 25865 22860 22892 244888 244887 244891 244814 22174 21701 21377 21253 20933 20525 79616 138851 138488 138015 19056 18709 18866 18331 17535 17460 16981 16383 15776 15378 15246 341061 340808 340615 340425 95869 14148 14053 13969 13835 14012 254251 254159 253848 253479 253155 12114 12099 55593 55570 55571 55396 55195 54841 11164 10833 10967 10784 11099
35946 35480 35318 34823 34235 125410 124776 124117 123395 31082 31010 30540 30132 29630 29123 143510 143175 55908 26912 26563 25666 22827 22876 244851 244838 244835 22840 22294 21992 21716 220835 220418 20696 20286 19901 19647 19324 19355 19155 19004 18436 17841 17333 16876 16384 15703 15624 15450 341165 340945 340724 340525 340294 340155 177039 14036 13836 13609 13479 13364 13261 253635 72810 12330 12251 55640 55594 55617 55584 55367 55001 11222 10988 10989 11014 11261
36162 35665 35138 34630 34402 125819 125218 124632 32202 31783 31072 30698 30120 29574 29207 28749 28348 28047 27313 27063 22899 23155 189352 244842 244830 244872 22769 22369 22031 221421 221044 220614 220170 219823 169635 19792 19577 19437 19028 18764 18302 17930 17404 16814 16391 15707 15730 178549 341251 341030 340790 340593 340346 340160 14024 13995 13937 13681 13267 13253 13054 12797 12725 12559 55891 55609 55611 55609 55664 33862 44225 11253 11132 11054 11229 11455
36304 68990 101472 100399 99329 33157 124885 124733 32755 32480 31904 30979 30796 30823 29229 28719 28273 27904 27489 27439 25292 22867 244869 244879 244884 244723 22777 22593 22339 221664 221222 220777 220332 219892 219602 19934 19747 19442 19068 18433 17974 17682 17378 16945 16358 16037 15846 341562 341337 341115 340863 340645 340397 340144 14232 14189 13883 13696 13636 13376 13040 12757 12733 12626 12326 55603 55527 55540 55513 11907 11482 11173 11269 11112 11235 11523
36623 102229 102063 101164 100089 48503 47983 33055 33536 33099 39569 31404 31215 30301 120857 120592 28549 27849 27644 27361 26813 25596 22889 23293 244865 22793 22988 22798 172083 221678 221253 220893 220496 220051 219737 20034 19960 19824 19508 18655 17813 17598 17123 16533 16201 16180 16031 341715 341422 341187 340943 340696 340450 14293 14307 264256 263719 263762 13707 13576 13062 12927 12756 12547 12308 12146 11873 11909 55291 55154 11505 11304 11305 11388 11546 -9999
36777 36653 36608 102143 101484 49686 49424 34622 34344 33727 33548 48261 61481 121125 121025 29537 28689 28299 28176 313095 26750 26028 25470 24802 24190 23396 23135 22885 222173 221790 221403 220966 220530 220110 169938 20168 20010 19995 19478 18970 18420 17751 17133 16495 16298 16184 15812 15818 341453 341244 340967 340706 340526 14451 14306 264225 263874 263741 13723 13486 13456 13084 12867 12908 12498 12286 11991 11857 11630 11514 11490 11495 11353 11440 11612 -9999
156766 36620 36619 36531 36369 39901 50630 35327 35088 34636 33922 33709 33439 80370 75094 120770 29066 28637 123713 407884 407102 406572 405775 24686 23907 23531 23393 23119 222165 221860 221562 221129 220692 220254 20493 20378 20175 20116 19567 18977 18375 17757 17188 16612 16371 16302 16087 15624 15349 15226 178091 340853 259099 14600 76912 264478 264010 263993 263739 13709 13604 13007 12950 13033 12739 12419 82455 82346 11814 11583 11461 11561 -9999 -9999 -9999 -9999
276903 276592 276634 36542 36330 36287 36078 35979 35656 35340 34359 33809 83178 81191 66988 29738 29442 28976 410232 409016 407199 406310 405797 405847 24063 23732 23390 23110 22783 22396 72137 221444 220799 220384 20593 20533 20474 20053 19538 18970 18490 17850 17207 16675 16574 78178 260662 260638 15679 15224 14872 14687 14649 14634 14624 264417 264227 264212 263986 13693 13500 13239 83463 83412 47751 82569 82521 82353 82151 11725 11587 -9999 -9999 -9999 -9999 -9999
