input/dem_d_asc10.asc
ncols         442
nrows         432
xllcorner     521738
yllcorner     5039334
cellsize      10
NODATA_value  -9999
[rows 272 to 305 of 432, columns 76 to 151 of 442]
203571 225760 207401 206929 206328 205445 205739 209371 211014 211308 224533 211103 211183 211283 209688 218504 206898 205662 200877 195629 195613 191682 187955 213219 184990 181105 181229 206139 174713 170838 166325 189852 160015 154079 180844 176891 146621 145467 144792 143875 143659 143271 143166 143437 139869 134274 127827 124120 123660 122420 119053 116726 115734 114802 112623 111825 110363 109447 108660 107912 107158 106217 105410 104639 104181 102863 102096 101510 101008 100823 100613 100139 100330 100575 100933 102158
222438 208774 208185 207515 207129 210670 213879 211670 211688 210864 210970 209243 227882 227040 203743 201395 200253 210682 196170 195639 194548 189512 200876 212240 182423 180572 195427 175932 172923 168533 164528 160658 157534 153526 153101 149309 146485 145192 144596 143911 143416 143663 153289 162333 137801 132379 127726 124171 123523 122319 120623 117848 -9999 -9999 -9999 -9999 -9999 108878 107343 105907 104821 102787 102580 104255 103479 102693 101911 101437 100975 100434 100546 100524 100570 100817 101627 102719
210092 209546 208713 211243 214753 215225 231975 212807 211549 216763 216797 213911 202957 200345 196228 195066 195211 195333 195466 195434 221986 188752 186950 184620 179991 180052 174759 173509 170795 167944 163349 159765 154897 152965 150649 149134 146237 145642 144991 144321 143301 143447 153634 143364 139726 134178 129341 124778 123810 123342 -9999 -9999 -9999 -9999 -9999 -9999 -9999 -9999 105019 103231 101491 99780 99700 99716 100707 102249 101531 100996 100698 100263 100423 100507 100578 101480 102389 103828
210635 212970 215292 225518 227097 214086 217233 211070 207433 230468 202410 199544 195467 194947 195110 195072 195072 195008 194491 222377 219698 188850 186030 183308 179618 201836 197122 169755 167690 164822 182448 157968 152429 152541 149850 147338 146688 146117 145124 143910 143281 143441 163081 143193 141531 135168 131826 125554 124438 -9999 -9999 -9999 -9999 -9999 -9999 -9999 -9999 -9999 -9999 100912 99430 99712 99681 99232 99830 99910 100358 100502 100407 100423 100479 100502 100646 101973 102981 104192
217270 218706 230113 228490 214923 214300 218473 226120 218604 200478 196217 194761 194944 194820 194447 199943 201761 189973 189379 188812 189108 187663 183047 179401 179093 200472 171297 167080 164830 162305 157906 152143 151760 149443 148543 147798 146927 156030 165473 143787 143127 142600 142125 142455 141957 136009 131594 126503 124962 -9999 -9999 -9999 -9999 -9999 -9999 -9999 -9999 -9999 -9999 -9999 99829 97413 94789 94073 95402 97475 98897 99899 100058 100244 99990 100467 100839 102411 103518 104123
235747 236337 216524 215976 234531 227493 240655 203478 197568 195427 194966 194799 194652 199368 202192 198652 187903 186355 185601 184507 184501 182078 178285 178703 183940 179968 169735 166929 163751 169866 153336 151192 150237 149657 149058 147977 146275 144926 144591 143525 142929 142544 163665 153169 142384 136034 131591 129118 128522 -9999 -9999 -9999 -9999 -9999 -9999 -9999 -9999 -9999 -9999 -9999 -9999 93789 92170 90773 92069 92881 93854 94839 95385 96592 99646 100171 101615 102958 103822 104630
218531 217562 215139 212299 213510 204640 200016 197725 196596 195860 194536 194465 194438 212357 188124 185670 183362 182494 182226 196266 178293 177753 178007 197195 190617 173535 169774 166419 163458 158780 169171 151116 150629 150369 168481 146858 145072 168599 144473 143374 142876 142507 142629 142631 142415 136163 131054 129309 128658 -9999 -9999 -9999 -9999 -9999 -9999 -9999 -9999 -9999 -9999 -9999 -9999 92901 90126 87539 86028 88112 90020 91281 91948 92733 95789 100180 100543 103281 104341 105291
218763 242103 235916 206786 202610 200056 198971 219090 196708 193879 194142 194519 208104 208154 186268 182679 204252 180414 178220 176929 177180 176512 202642 173265 171686 169838 168711 166875 162275 153794 151867 151225 150894 168823 146101 144961 144832 168632 144490 143214 142740 142961 143017 143375 142896 136519 130633 129529 -9999 -9999 -9999 -9999 -9999 -9999 -9999 -9999 -9999 -9999 -9999 -9999 -9999 92967 88963 85757 84187 83504 83688 84705 85507 88635 92687 98342 100652 103191 104564 105947
215526 237322 206244 202393 201487 201586 215384 196831 193219 193464 193760 208037 203431 188047 184806 181806 185015 177479 176825 196210 193584 171888 168878 166489 166754 166090 164732 160894 153905 153111 152191 155865 154716 145610 144745 144796 144304 144014 143916 142964 142844 143159 143545 154671 143496 137701 131254 -9999 -9999 -9999 -9999 -9999 -9999 -9999 -9999 -9999 -9999 -9999 -9999 -9999 -9999 96438 92631 87976 83979 83141 82651 82278 81923 84874 90889 96552 100971 101910 104948 106100
234946 212995 204093 203283 214215 201622 196615 193747 192865 215728 201321 189850 188490 186657 184705 180399 176924 176458 191382 181209 171666 166540 163307 173301 165387 161866 157816 155059 154267 153512 168020 166679 147266 144704 144735 144322 143967 143834 143554 142971 142828 143191 143901 165941 143478 138103 132069 -9999 -9999 -9999 -9999 -9999 -9999 -9999 -9999 -9999 -9999 -9999 -9999 -9999 -9999 98275 95329 93017 88952 84379 82301 81923 81570 82572 88907 93232 100695 101011 104516 106003
219970 213140 204728 204766 223445 200897 196198 192747 192294 192862 191198 187048 184668 183345 179741 176203 176353 175666 193685 173063 167297 163433 162121 171556 160721 157000 156280 155300 164378 159887 150348 148972 145539 144246 144258 144310 144196 143982 143560 143083 142859 143626 144016 143968 143505 138254 132852 -9999 -9999 -9999 -9999 -9999 -9999 -9999 -9999 -9999 -9999 -9999 -9999 -9999 -9999 99248 97790 95886 93005 88834 83463 81370 81055 80962 86897 92506 99140 101139 103448 105428
-9999 214084 208961 205430 228736 213963 198108 193479 191918 191763 190565 185879 180421 179508 176966 180909 186722 180205 173173 171400 166988 164862 162520 160013 157962 157360 156674 153972 151741 151294 150453 149259 144331 143957 144091 152362 161219 146122 145035 143071 142731 143968 143900 143903 141916 138281 133450 -9999 -9999 -9999 -9999 -9999 -9999 -9999 -9999 -9999 -9999 -9999 -9999 -9999 -9999 -9999 98111 97101 95380 92497 86750 80943 80452 80211 84835 90919 96860 101388 102015 105214
-9999 -9999 -9999 206107 215140 204553 200076 195185 191503 191170 190407 197793 181363 177967 175826 182983 189553 174098 172280 170729 170271 168509 161095 159002 158388 157704 180932 152131 152558 154591 156190 154425 150494 148430 147505 148527 149645 150840 145206 142965 142763 143006 142938 142797 137930 135930 -9999 -9999 -9999 -9999 -9999 -9999 -9999 -9999 -9999 -9999 -9999 -9999 -9999 -9999 -9999 -9999 99487 97208 96379 93316 89254 82883 79940 79735 82517 88883 93885 100640 101532 101664
-9999 -9999 -9999 -9999 -9999 206323 201282 195863 193011 190981 190564 188542 183151 180138 175762 182942 181384 180143 169172 166497 165945 161107 160135 159483 158972 157790 181310 179019 155746 159182 160734 159293 156139 154388 154183 154803 155928 152013 145330 142781 142744 143024 142938 142788 137956 135241 134273 -9999 -9999 -9999 -9999 -9999 -9999 -9999 -9999 -9999 -9999 -9999 -9999 -9999 -9999 -9999 100886 98500 95966 95241 91872 85368 79562 79337 80366 86789 92551 99454 101163 101841
-9999 -9999 -9999 -9999 -9999 203727 217912 212031 194335 190463 190496 213381 183433 179340 175629 175812 174263 182188 169785 164231 161688 161122 160602 160185 171993 157210 157090 158438 159706 161263 160740 160172 158765 157989 157245 156625 156421 153254 146574 142816 142726 143031 142951 142617 137805 135119 134705 -9999 -9999 -9999 -9999 -9999 -9999 -9999 -9999 -9999 -9999 -9999 -9999 -9999 -9999 -9999 102244 99283 96512 95085 92616 87587 80762 78891 78903 84966 91526 96824 100508 100935
-9999 -9999 -9999 -9999 198565 199452 198396 195688 193587 190042 189855 212242 182640 178340 175473 175850 173768 169986 165320 162592 161995 161420 184618 177410 155630 154467 157140 159539 162183 163951 168687 168719 165305 163883 164008 160003 155675 154063 147084 142825 142698 143043 142947 142449 137852 135800 -9999 -9999 -9999 -9999 -9999 -9999 -9999 -9999 -9999 -9999 -9999 -9999 -9999 -9999 -9999 -9999 -9999 100570 97115 94319 93457 88829 81989 78387 78302 83747 90474 94773 98514 98497
-9999 -9999 -9999 -9999 -9999 193296 193284 189845 189181 189484 199063 186564 181855 177443 175365 174109 169798 164118 163564 162976 168026 168072 159925 155515 153953 155260 159158 163290 163112 168274 171768 173313 171037 169570 168562 163187 154898 153700 146692 142807 142695 142809 142535 141848 138163 -9999 -9999 -9999 -9999 -9999 -9999 -9999 -9999 -9999 -9999 -9999 -9999 -9999 -9999 -9999 -9999 -9999 -9999 -9999 97784 94699 93878 89612 82823 77900 77829 83237 91850 92537 94977 94526
-9999 -9999 -9999 -9999 -9999 187769 188114 188609 188849 188187 206046 183683 180006 175081 174088 169059 164842 164421 163777 163261 184837 159782 155623 154501 156980 160159 163701 163968 168547 172196 175434 177019 175076 171652 166731 161855 154130 152537 145772 142752 142484 142610 142505 142196 -9999 -9999 -9999 -9999 -9999 -9999 -9999 -9999 -9999 -9999 -9999 -9999 -9999 -9999 -9999 -9999 -9999 -9999 -9999 -9999 -9999 94745 93453 90284 83448 77442 77392 100861 107013 92256 92059 91871
-9999 -9999 -9999 -9999 -9999 187515 187937 187799 203212 212804 181367 178347 174718 174083 168089 165642 165194 164720 164268 182969 160065 155693 155267 158761 161573 165229 164740 167962 171712 175253 178799 178896 174099 169555 163646 155318 153376 148946 143978 142444 142309 142617 -9999 -9999 -9999 -9999 -9999 -9999 -9999 -9999 -9999 -9999 -9999 -9999 -9999 -9999 -9999 -9999 -9999 -9999 -9999 -9999 -9999 101331 98468 95035 92840 90920 83680 78872 80279 86823 92183 92143 91763 91143
-9999 -9999 -9999 -9999 -9999 -9999 -9999 184607 182529 192509 175965 174032 173494 167694 166503 166056 171209 175416 178245 163132 161858 158981 157923 162048 165814 165776 169700 173054 175384 179228 180791 176300 171820 166278 157711 152502 149683 144775 142299 142490 142221 142591 -9999 -9999 -9999 -9999 -9999 -9999 -9999 -9999 -9999 -9999 -9999 -9999 -9999 -9999 -9999 -9999 -9999 -9999 -9999 -9999 -9999 101772 98825 95618 92752 90114 84905 82457 82611 85879 91342 91368 90471 90041
-9999 -9999 -9999 -9999 -9999 -9999 -9999 183124 179539 175203 172941 172909 167858 167369 166841 176164 187363 165451 166599 168359 167165 163543 159998 163160 166689 169215 173214 176520 179696 181045 178025 173421 167334 159443 151510 150427 145163 142547 142384 142211 142288 142710 -9999 -9999 -9999 -9999 -9999 -9999 -9999 -9999 -9999 -9999 -9999 -9999 -9999 -9999 -9999 -9999 -9999 -9999 -9999 -9999 -9999 103308 100187 -9999 -9999 92012 86353 80557 78681 84886 90007 91225 90047 89362
-9999 -9999 -9999 -9999 -9999 -9999 -9999 179682 175594 171952 172157 168534 168053 167874 183368 186175 168726 170788 173851 174453 171191 167374 162471 165733 167269 172175 176601 179794 180986 178664 174024 169541 161554 151274 150826 147487 143145 142642 142515 142455 142399 142736 142951 -9999 -9999 -9999 -9999 -9999 -9999 -9999 -9999 -9999 -9999 -9999 -9999 -9999 -9999 -9999 -9999 -9999 -9999 -9999 -9999 -9999 -9999 -9999 -9999 -9999 87501 79951 75339 75995 83248 87472 88083 88038
-9999 -9999 -9999 -9999 -9999 -9999 -9999 -9999 -9999 171309 169607 168960 168832 173988 170323 173271 175489 177687 179239 178201 174239 169086 164738 167884 168111 173670 177867 181213 179001 174863 168786 160591 151919 149610 149280 147035 143360 142904 142729 142579 142454 142663 -9999 -9999 -9999 -9999 -9999 -9999 -9999 -9999 -9999 -9999 -9999 -9999 -9999 -9999 -9999 -9999 -9999 -9999 -9999 -9999 -9999 -9999 -9999 -9999 -9999 -9999 89040 81096 88151 86508 76647 81865 82827 84702
-9999 -9999 -9999 -9999 -9999 -9999 -9999 -9999 -9999 170334 169656 169574 171992 174884 177571 179593 181978 183147 183271 180079 174545 170407 169507 168694 170835 174506 179640 180242 175555 169255 159842 149917 148788 148424 147966 146809 143724 143169 142841 142704 142501 142735 -9999 -9999 -9999 -9999 -9999 -9999 -9999 -9999 -9999 -9999 -9999 -9999 -9999 -9999 -9999 -9999 -9999 -9999 -9999 -9999 -9999 -9999 -9999 -9999 -9999 -9999 91010 82922 75940 85475 71441 71492 75063 82760
-9999 -9999 -9999 -9999 -9999 -9999 -9999 -9999 -9999 170438 170244 174424 178551 181150 184157 186665 187328 187707 185629 180826 175290 170783 169990 169366 171990 176290 177833 177111 172099 162640 151034 149919 156699 147788 147181 146496 145633 144019 143165 142940 142581 142784 -9999 -9999 -9999 -9999 -9999 -9999 -9999 -9999 -9999 -9999 -9999 -9999 -9999 -9999 -9999 -9999 -9999 -9999 -9999 -9999 -9999 -9999 -9999 -9999 -9999 -9999 -9999 85018 77753 71697 71402 71070 71325 75302
-9999 -9999 -9999 -9999 -9999 -9999 -9999 -9999 -9999 -9999 175099 179636 183454 186947 189693 190101 190645 188687 184876 179825 175189 172213 170389 170659 174419 174965 171760 170765 165978 155298 150852 151091 150820 150807 151014 149316 145582 144832 144171 143125 142665 142813 142963 -9999 -9999 -9999 -9999 -9999 -9999 -9999 -9999 -9999 -9999 -9999 -9999 -9999 -9999 -9999 -9999 -9999 -9999 -9999 -9999 -9999 -9999 -9999 -9999 -9999 -9999 86210 78570 71932 70230 65986 70216 71230
-9999 -9999 -9999 -9999 -9999 -9999 -9999 -9999 -9999 -9999 -9999 -9999 185589 188661 192272 194130 191756 188308 183979 180642 177737 174104 171138 172767 175286 171536 169382 167856 161211 154998 155066 156052 155831 156390 155260 154273 150628 148316 144125 143268 142766 142812 -9999 -9999 -9999 -9999 -9999 -9999 -9999 -9999 -9999 -9999 -9999 -9999 -9999 -9999 -9999 -9999 -9999 -9999 -9999 -9999 -9999 -9999 -9999 -9999 -9999 -9999 -9999 86465 79188 72228 71178 66327 65560 70352
-9999 -9999 -9999 -9999 -9999 -9999 -9999 -9999 -9999 -9999 -9999 -9999 -9999 -9999 192820 194359 191596 188645 185278 183358 180969 175571 171705 172206 174686 169660 169215 168482 163204 160318 160523 160677 160332 160068 158641 156637 153665 151510 147458 143682 142840 142784 -9999 -9999 -9999 -9999 -9999 -9999 -9999 -9999 -9999 -9999 -9999 -9999 -9999 -9999 -9999 -9999 -9999 -9999 -9999 -9999 -9999 -9999 -9999 -9999 -9999 -9999 -9999 86647 80286 74426 72164 66886 62887 66174
-9999 -9999 -9999 -9999 -9999 -9999 -9999 -9999 -9999 -9999 -9999 -9999 -9999 -9999 -9999 -9999 192553 189946 187658 185838 -9999 -9999 -9999 -9999 -9999 170079 169200 168493 165241 164697 165371 165788 165042 165960 162306 158208 155482 152897 150359 144829 142887 142896 -9999 -9999 -9999 -9999 -9999 -9999 -9999 -9999 -9999 -9999 -9999 -9999 -9999 -9999 -9999 -9999 -9999 -9999 -9999 -9999 -9999 -9999 -9999 -9999 -9999 -9999 -9999 -9999 82820 76592 73068 69663 62804 62047
-9999 -9999 -9999 -9999 -9999 -9999 -9999 -9999 -9999 -9999 -9999 -9999 -9999 -9999 -9999 -9999 194521 -9999 -9999 -9999 -9999 -9999 -9999 -9999 -9999 -9999 169285 168841 171620 168021 168176 168369 168588 168923 166661 162258 158454 154656 150905 145961 142967 142939 -9999 -9999 -9999 -9999 -9999 -9999 -9999 -9999 -9999 -9999 -9999 -9999 -9999 -9999 -9999 -9999 -9999 -9999 -9999 -9999 -9999 -9999 -9999 -9999 -9999 -9999 -9999 -9999 84262 78236 73688 71481 64420 60920
-9999 -9999 -9999 -9999 -9999 -9999 -9999 -9999 -9999 -9999 -9999 -9999 -9999 -9999 -9999 -9999 -9999 -9999 -9999 -9999 -9999 -9999 -9999 -9999 -9999 -9999 -9999 -9999 -9999 168308 168567 168687 183241 183678 168964 166123 162086 156451 150827 147302 143040 142950 -9999 -9999 -9999 -9999 -9999 -9999 -9999 -9999 -9999 -9999 -9999 -9999 -9999 -9999 -9999 -9999 -9999 -9999 -9999 -9999 -9999 -9999 -9999 -9999 -9999 -9999 -9999 -9999 85289 78880 74280 71951 65864 60175
-9999 -9999 -9999 -9999 -9999 -9999 -9999 -9999 -9999 -9999 -9999 -9999 -9999 -9999 -9999 -9999 -9999 -9999 -9999 -9999 -9999 -9999 -9999 -9999 -9999 -9999 -9999 -9999 -9999 168736 168759 168827 183167 183698 168978 168374 163277 159498 151346 146422 143110 -9999 -9999 -9999 -9999 -9999 -9999 -9999 -9999 -9999 -9999 -9999 -9999 -9999 -9999 -9999 -9999 -9999 -9999 -9999 -9999 -9999 -9999 -9999 -9999 -9999 -9999 -9999 -9999 -9999 86092 80107 74791 72042 66595 59572
-9999 -9999 -9999 -9999 -9999 -9999 -9999 -9999 -9999 -9999 -9999 -9999 -9999 -9999 -9999 -9999 -9999 -9999 -9999 -9999 -9999 -9999 -9999 -9999 -9999 -9999 -9999 -9999 -9999 -9999 168895 -9999 176099 -9999 -9999 -9999 -9999 -9999 153703 -9999 -9999 -9999 -9999 -9999 -9999 -9999 -9999 -9999 -9999 -9999 -9999 -9999 -9999 -9999 -9999 -9999 -9999 -9999 -9999 -9999 -9999 -9999 -9999 -9999 -9999 -9999 -9999 -9999 -9999 -9999 86431 80301 75215 71966 66673 59436
-9999 -9999 -9999 -9999 -9999 -9999 -9999 -9999 -9999 -9999 -9999 -9999 -9999 -9999 -9999 -9999 -9999 -9999 -9999 -9999 -9999 -9999 -9999 -9999 -9999 -9999 -9999 -9999 -9999 -9999 -9999 -9999 -9999 -9999 -9999 -9999 -9999 -9999 -9999 -9999 -9999 -9999 -9999 -9999 -9999 -9999 -9999 -9999 -9999 -9999 -9999 -9999 -9999 -9999 -9999 -9999 -9999 -9999 -9999 -9999 -9999 -9999 -9999 -9999 -9999 -9999 -9999 -9999 -9999 -9999 86668 79832 75750 71771 66281 59514
